AdjacencyHypergraph
100
972
100
972
0
11
17
28
37
52
64
69
74
84
99
111
120
131
144
154
164
173
187
193
203
213
224
236
243
253
258
270
280
296
304
321
329
336
346
353
361
371
383
393
407
422
430
442
455
462
469
478
485
489
498
511
517
524
534
539
549
556
567
572
579
588
597
599
610
624
633
638
647
650
662
674
683
692
699
707
723
732
741
751
757
770
775
780
794
804
821
830
839
850
859
873
891
896
904
917
924
933
941
958
5
9
11
18
30
62
67
70
75
77
98
1
11
15
22
38
60
1
2
6
40
42
55
57
67
69
73
86
3
13
17
21
26
29
52
63
86
2
11
13
37
45
46
47
50
54
73
86
87
93
95
99
2
8
12
23
30
38
46
59
70
78
85
86
11
42
50
84
89
4
13
37
46
49
21
27
31
32
35
38
39
85
88
91
26
31
43
44
49
53
54
56
61
66
67
69
76
84
86
2
4
25
28
33
46
48
50
60
70
75
98
9
10
14
25
50
64
73
75
89
1
13
15
16
34
43
49
59
74
78
90
0
10
27
29
34
58
75
81
82
91
94
96
99
0
3
34
36
63
71
80
81
95
99
11
32
33
57
58
70
80
87
93
95
2
24
39
45
51
63
84
89
91
6
7
21
22
23
42
45
50
59
63
73
74
92
97
6
9
21
30
41
93
1
7
45
54
55
60
61
90
97
99
9
12
27
31
32
40
55
76
83
95
9
13
37
50
60
65
74
75
76
89
93
5
7
14
15
16
19
20
22
48
54
78
84
25
28
40
42
76
78
83
5
6
14
33
51
52
55
61
78
97
6
20
62
67
78
9
25
31
32
51
54
57
72
81
88
90
91
2
9
31
45
47
56
64
81
83
96
7
8
10
14
23
33
35
42
46
51
56
69
84
85
86
96
25
33
46
58
66
88
91
98
22
23
24
28
29
32
47
49
63
66
67
69
79
83
84
93
99
13
20
22
27
36
50
75
92
3
15
20
25
29
56
87
0
4
14
32
42
64
68
82
94
98
17
32
56
75
82
83
92
4
23
39
41
43
57
61
81
6
7
13
22
23
27
28
34
47
81
21
27
36
48
58
63
64
65
68
69
79
96
11
15
17
23
42
44
62
76
95
96
3
10
19
21
22
28
33
35
38
49
54
71
78
93
3
16
19
21
25
29
33
41
49
52
53
61
65
93
99
32
34
35
51
55
64
73
87
3
5
12
27
30
33
41
45
50
62
70
74
5
7
16
19
30
32
39
55
59
74
79
85
97
9
11
40
47
55
93
96
4
11
68
72
77
78
84
16
35
38
43
56
64
68
70
91
35
43
44
51
56
81
91
15
60
67
91
28
40
47
54
56
72
81
86
95
2
30
38
39
53
58
62
66
72
73
74
86
98
24
29
65
77
80
98
26
48
64
66
69
75
83
3
10
18
19
20
30
31
40
49
72
0
1
31
78
80
2
9
31
33
48
62
73
79
89
91
19
44
57
61
63
65
79
7
15
24
39
44
61
62
70
88
94
96
36
52
56
65
97
8
11
27
36
71
83
85
8
23
36
43
49
59
71
81
89
13
26
35
36
37
52
53
56
62
6
78
0
15
21
37
38
58
62
67
76
79
88
4
28
29
39
41
50
54
64
65
71
80
90
92
99
5
16
25
32
45
51
60
93
97
8
13
18
37
82
0
5
8
26
47
52
66
68
69
1
17
66
1
3
14
19
28
29
48
50
52
57
80
90
0
12
14
26
27
35
37
40
44
64
85
88
3
7
15
43
63
65
74
87
97
1
19
26
36
38
53
72
83
97
20
26
40
41
48
71
82
18
28
36
59
77
80
92
94
1
11
15
16
23
24
31
46
59
70
77
82
84
85
94
95
37
44
57
68
69
77
82
88
98
4
9
18
33
36
74
80
85
99
24
34
43
54
58
61
76
94
96
99
6
12
18
39
84
87
0
7
10
20
22
42
53
57
58
63
73
74
97
5
10
77
89
92
13
21
51
55
76
5
17
19
34
41
45
49
51
53
60
66
73
94
99
43
45
60
68
71
73
75
92
94
95
0
2
6
8
12
17
34
42
46
52
54
66
70
71
84
87
90
4
8
16
20
52
53
68
85
97
12
25
40
48
53
67
75
92
96
3
17
24
25
37
62
70
72
79
82
94
8
24
38
39
47
55
57
83
98
10
19
22
29
39
46
59
60
66
68
77
87
89
98
1
6
20
29
34
37
47
48
51
59
63
65
67
69
72
77
86
91
18
21
30
35
81
12
17
24
28
30
43
80
88
7
14
20
26
40
44
58
60
61
64
72
90
94
18
35
41
42
68
82
90
5
12
17
67
76
77
79
80
87
14
16
41
44
76
79
92
95
4
10
12
24
26
34
38
45
46
47
52
65
71
79
82
90
96
14
17
27
30
55
57
61
69
71
72
88
89
95
98
0
9
19
28
38
47
57
67
77
86
96
105
115
125
135
145
155
164
174
182
192
202
212
221
230
240
250
260
270
280
290
300
309
319
329
339
349
359
369
379
389
399
408
418
428
437
447
457
467
476
485
495
505
515
524
534
544
554
564
573
582
592
602
612
622
632
642
652
662
672
682
692
702
712
722
731
741
751
761
771
781
791
801
811
820
830
839
848
857
866
875
884
894
903
912
922
932
942
952
962
13
14
33
54
63
67
70
80
85
1
2
12
19
54
68
69
72
75
91
2
4
5
10
16
27
50
55
85
3
14
32
39
40
42
53
69
71
88
7
10
33
35
45
64
77
86
98
0
22
24
42
43
65
67
81
83
96
2
17
18
24
25
36
62
79
85
91
17
19
22
28
36
43
57
71
80
94
5
28
59
60
66
67
85
86
89
0
11
18
20
21
26
27
44
55
77
11
13
28
39
53
80
81
90
98
0
1
4
6
15
38
44
45
59
75
5
20
42
70
79
85
87
93
96
98
3
4
7
12
21
31
36
61
66
82
11
22
24
28
33
69
70
94
97
99
1
12
22
32
38
48
57
63
71
75
12
22
40
43
46
65
75
86
97
3
34
38
68
83
85
88
93
96
99
0
53
66
74
77
79
92
95
22
39
40
43
53
56
69
72
83
90
22
25
31
32
53
73
80
86
91
94
3
8
17
18
37
39
40
63
82
92
1
17
22
30
31
36
39
80
90
5
17
28
30
35
36
38
60
75
16
30
51
57
75
78
88
89
93
98
10
11
23
26
29
32
40
65
87
88
3
9
52
61
67
70
72
73
94
98
8
13
20
31
36
37
42
59
70
99
10
23
30
36
39
49
64
69
74
93
3
13
30
32
40
51
64
69
90
91
0
5
18
42
43
50
53
92
93
99
8
9
20
26
27
53
54
55
75
8
15
20
26
30
33
34
41
43
65
10
15
24
28
29
39
40
42
55
77
12
13
14
36
41
78
83
85
91
98
8
28
39
41
46
47
61
70
92
95
14
31
37
58
59
60
61
72
74
77
4
7
21
61
63
66
70
76
88
91
1
5
8
39
46
50
63
72
89
98
8
16
35
43
50
57
64
79
89
90
2
20
23
44
49
53
70
73
87
94
18
35
40
42
64
73
83
95
97
2
6
17
23
28
33
38
80
85
95
9
12
35
46
47
60
71
78
84
93
9
38
47
56
57
70
76
94
97
4
16
17
19
27
42
65
83
84
98
4
5
7
10
28
29
75
85
90
98
4
27
30
36
44
49
67
89
91
98
10
22
37
52
55
69
73
87
91
7
9
12
30
39
40
53
60
83
4
6
10
11
17
21
31
42
64
69
16
24
26
28
41
47
65
82
83
91
3
24
40
58
61
67
69
85
86
98
9
40
50
61
72
80
83
86
87
4
9
19
22
26
39
49
64
78
85
2
19
20
24
41
43
44
82
89
99
9
27
28
32
34
46
47
49
58
61
2
15
26
35
56
69
76
80
89
99
13
15
29
37
50
63
78
80
94
5
12
17
43
60
74
75
90
91
1
10
19
21
48
65
83
84
90
94
9
19
24
35
40
56
57
78
94
99
0
25
38
42
50
55
57
61
63
88
3
14
16
17
30
37
56
71
80
91
11
27
33
37
41
46
52
64
70
94
21
37
40
51
56
58
64
71
91
98
9
29
30
50
52
67
68
83
85
90
0
2
9
25
30
48
63
87
91
96
33
37
45
46
67
76
84
86
90
95
2
9
28
30
37
52
67
76
91
99
0
5
10
15
42
46
57
75
85
88
14
39
59
60
64
73
84
85
98
99
26
45
49
50
53
72
88
91
94
99
2
4
11
17
41
50
55
80
83
84
12
17
21
42
43
50
71
77
80
0
10
11
13
21
31
34
52
84
87
9
20
21
23
38
63
78
82
96
97
0
45
51
74
75
76
81
90
91
96
5
12
22
23
24
25
39
45
54
62
30
37
43
55
56
63
88
96
97
98
14
15
51
54
64
69
74
77
93
96
13
14
26
27
35
36
47
49
60
92
13
33
34
66
73
75
76
88
95
98
20
23
27
30
34
52
59
72
89
6
9
16
22
28
30
45
75
79
85
5
8
28
43
59
70
75
77
86
2
3
4
5
9
28
49
50
91
4
15
32
41
71
79
85
90
96
8
26
29
57
63
70
76
93
99
6
11
16
21
55
60
81
90
99
12
19
26
64
69
85
94
95
98
8
13
16
26
29
46
47
48
55
91
17
31
34
64
74
81
84
87
97
4
15
18
21
30
39
40
44
65
13
33
57
74
75
78
83
84
88
94
4
14
15
20
38
49
75
84
97
99
13
27
28
37
38
44
57
78
87
98
17
19
24
43
58
65
71
72
80
86
0
10
29
33
50
51
76
89
90
99
4
13
14
19
30
40
64
77
78
83
